31,6
31,5
31,4
31,3
31,2
31,1
30,6
4294967278,365
30,5
30,4
30,3
30,2
30,1
4294967279,435
4294967294,430
29,6
29,5
29,4
29,3
29,2
29,1
28,4
28,3
28,2
28,1
4294967278,364
4294967279,434
4294967278,363
4294967279,433
4294967278,362
4294967279,432
4294967278,361
4294967278,360
4294967279,431
4294967278,359
4294967279,430
4294967294,481
4294967279,429
4294967279,428
27,6
27,5
27,4
27,3
27,2
27,1
4294967279,427
4294967278,358
4294967279,426
4294967278,357
4294967279,425
26,6
4294967279,424
4294967278,356
26,5
26,4
26,3
26,2
26,1
4294967279,423
4294967279,422
25,6
4294967279,421
25,5
25,4
25,3
25,2
25,1
4294967279,420
24,4
24,3
24,2
24,1
4294967279,419
4294967278,355
4294967278,354
4294967279,418
4294967278,353
4294967278,352
4294967279,417
4294967279,416
4294967278,351
4294967279,415
4294967278,350
4294967279,414
4294967279,413
4294967279,412
4294967278,349
4294967279,411
4294967279,410
4294967279,409
4294967278,348
4294967279,408
4294967278,347
4294967278,346
4294967279,407
4294967278,345
4294967279,406
4294967278,344
4294967278,343
4294967278,342
4294967279,405
4294967278,341
4294967279,404
4294967278,340
4294967279,403
4294967278,339
4294967279,402
4294967278,338
4294967279,401
4294967278,337
4294967278,336
4294967279,400
4294967278,335
4294967279,399
4294967278,334
4294967279,398
4294967278,333
4294967279,397
4294967278,332
4294967294,480
4294967294,479
4294967278,331
4294967278,330
4294967279,396
4294967279,395
4294967278,329
23,6
4294967279,394
4294967279,393
4294967278,328
4294967278,327
23,5
23,4
23,3
23,2
23,1
4294967279,392
22,6
4294967279,391
4294967278,326
4294967278,325
22,5
22,4
22,3
22,2
22,1
21,6
21,5
21,4
21,3
21,2
21,1
4294967279,390
4294967279,389
4294967279,388
4294967278,324
20,4
20,3
20,2
20,1
4294967278,323
4294967279,387
4294967278,322
4294967279,386
4294967278,321
4294967279,385
4294967278,320
4294967279,384
4294967278,319
4294967278,318
4294967279,319
4294967294,478
4294967279,318
4294967278,317
4294967278,316
19,6
4294967278,315
4294967279,317
4294967279,316
19,5
19,4
19,3
19,2
19,1
4294967278,314
4294967279,315
4294967278,313
4294967279,314
4294967278,312
4294967278,311
18,6
4294967278,310
4294967279,313
4294967279,312
18,5
18,4
18,3
18,2
18,1
4294967278,309
4294967294,1360
4294967279,311
4294967278,308
4294967278,307
17,6
4294967278,306
4294967279,310
4294967279,309
17,5
17,4
17,3
17,2
17,1
4294967278,305
16,4
16,3
16,2
16,1
4294967279,308
4294967278,304
4294967279,307
4294967278,303
4294967279,306
4294967278,302
4294967279,305
4294967278,301
4294967279,304
4294967279,303
4294967278,300
4294967278,299
4294967279,302
4294967278,298
4294967278,297
4294967279,301
4294967278,296
4294967278,295
4294967279,300
4294967278,294
4294967279,299
4294967294,187
4294967294,925
4294967294,477
4294967294,476
4294967278,293
4294967279,298
4294967279,297
15,6
4294967294,475
4294967279,296
4294967278,292
4294967278,291
15,5
15,4
15,3
15,2
15,1
4294967279,295
4294967294,474
4294967278,290
4294967279,294
4294967294,473
4294967278,289
4294967279,293
4294967279,292
14,6
4294967294,1359
4294967279,291
4294967278,288
14,5
14,4
14,3
14,2
14,1
4294967294,1358
4294967279,290
4294967279,283
13,6
4294967294,1357
4294967279,282
13,5
13,4
13,3
13,2
13,1
12,4
12,3
12,2
12,1
4294967294,472
4294967278,277
4294967293,131
4294967293,130
4294967293,129
4294967293,128
4294967293,127
4294967293,126
4294967293,125
4294967293,124
4294967293,123
4294967293,122
4294967293,121
4294967293,120
4294967293,119
4294967293,118
4294967293,117
4294967293,116
4294967293,115
4294967293,114
4294967293,113
4294967293,112
4294967293,111
4294967293,110
4294967293,109
4294967293,108
4294967293,107
4294967293,106
4294967293,105
4294967293,104
4294967293,103
4294967293,102
4294967293,101
4294967293,100
4294967293,99
4294967293,98
4294967293,97
4294967293,96
4294967293,95
4294967293,94
4294967293,93
4294967293,92
4294967293,91
4294967293,90
4294967293,89
4294967293,88
